Attack__000,0,416,107,99
Attack__001,108,416,107,99
Attack__002,216,416,107,99
Attack__003,324,416,107,99
Attack__004,505,0,107,99
Attack__005,505,100,107,99
Attack__006,505,200,107,99
Attack__007,505,300,107,99
Attack__008,505,400,107,99
Attack__009,0,516,107,99
Climb_000,546,516,56,93
Climb_001,613,294,56,93
Climb_002,613,388,56,93
Climb_003,613,482,56,93
Climb_004,0,616,56,93
Climb_005,57,616,56,93
Climb_006,114,616,56,93
Climb_007,171,616,56,93
Climb_008,228,616,56,93
Dead__000,306,105,96,100
Dead__001,306,206,96,100
Dead__004,0,315,96,100
Dead__002,97,315,96,100
Dead__003,194,315,96,100
Dead__005,291,315,96,100
Dead__009,408,0,96,100
Dead__007,408,101,96,100
Glide_001,0,710,89,91
Dead__008,408,202,96,100
Glide_004,90,710,89,91
Glide_005,180,710,89,91
Glide_003,270,710,89,91
Climb_009,285,616,56,93
Glide_006,360,710,89,91
Glide_002,450,710,89,91
Glide_007,540,710,89,91
Glide_000,630,710,89,91
Dead__006,408,303,96,100
Glide_008,760,0,89,91
Glide_009,760,92,89,91
Idle__000,304,802,46,88
Idle__001,351,802,46,88
Idle__002,398,802,46,88
Idle__003,445,802,46,88
Idle__004,492,802,46,88
Idle__005,539,802,46,88
Idle__006,586,802,46,88
Idle__007,633,802,46,88
Jump_Attack__000,0,0,101,104
Idle__009,680,802,46,88
Idle__008,727,802,46,88
Jump__000,108,516,72,97
Jump_Attack__001,102,0,101,104
Jump__002,181,516,72,97
Jump__001,254,516,72,97
Jump__003,327,516,72,97
Jump_Attack__002,0,105,101,104
Jump__006,400,516,72,97
Jump__007,473,516,72,97
Jump__005,432,416,72,97
Jump__008,613,0,72,97
Jump__009,613,98,72,97
Jump__004,613,196,72,97
Jump_Attack__003,102,105,101,104
Jump_Attack__004,204,0,101,104
Jump_Attack__005,204,105,101,104
Jump_Attack__006,0,210,101,104
Jump_Attack__007,102,210,101,104
Jump_Attack__008,204,210,101,104
Jump_Attack__009,306,0,101,104
Jump_Throw__000,774,802,72,86
Jump_Throw__001,686,558,72,86
Jump_Throw__002,850,0,72,86
Jump_Throw__003,850,87,72,86
Jump_Throw__004,850,174,72,86
Jump_Throw__005,850,261,72,86
Jump_Throw__006,850,348,72,86
Jump_Throw__007,850,435,72,86
Jump_Throw__008,850,522,72,86
Jump_Throw__009,850,609,72,86
Kunai,684,893,6,32
Run__000,342,616,73,92
Run__001,416,616,73,92
Run__002,490,616,73,92
Run__003,564,616,73,92
Run__004,686,0,73,92
Run__005,686,93,73,92
Run__006,686,186,73,92
Run__007,686,279,73,92
Run__008,686,372,73,92
Run__009,686,465,73,92
Slide__000,760,730,75,70
Slide__001,0,893,75,70
Slide__002,76,893,75,70
Slide__003,152,893,75,70
Slide__004,228,893,75,70
Slide__005,304,893,75,70
Slide__006,380,893,75,70
Slide__007,456,893,75,70
Slide__008,532,893,75,70
Slide__009,608,893,75,70
Throw__000,760,184,75,90
Throw__001,760,275,75,90
Throw__002,760,366,75,90
Throw__003,760,457,75,90
Throw__004,760,548,75,90
Throw__005,760,639,75,90
Throw__006,0,802,75,90
Throw__007,76,802,75,90
Throw__008,152,802,75,90
Throw__009,228,802,75,90