Jump_Attack__006,0,0,504,522
Jump_Attack__007,505,0,504,522
Jump_Attack__008,0,523,504,522
Jump_Attack__009,505,523,504,522
Jump_Throw__000,3842,3980,360,431
Jump_Throw__001,3403,2754,360,431
Jump_Throw__002,4211,0,360,431
Jump_Throw__003,4211,432,360,431
Jump_Throw__004,4211,864,360,431
Jump_Throw__005,4211,1296,360,431
Jump_Throw__006,4211,1728,360,431
Jump_Throw__007,4211,2160,360,431
Jump_Throw__008,4211,2592,360,431
Jump_Throw__009,4211,3024,360,431
Kunai,3366,4432,32,160
Run__000,1698,3060,363,458
Run__001,2062,3060,363,458
Run__002,2426,3060,363,458
Run__003,2790,3060,363,458
Run__004,3403,0,363,458
Run__005,3403,459,363,458
Run__006,3403,918,363,458
Run__007,3403,1377,363,458
Run__008,3403,1836,363,458
Run__009,3403,2295,363,458
Slide__000,3767,3622,373,351
Slide__001,0,4432,373,351
Slide__002,374,4432,373,351
Slide__003,748,4432,373,351
Slide__004,1122,4432,373,351
Slide__005,1496,4432,373,351
Slide__006,1870,4432,373,351
Slide__007,2244,4432,373,351
Slide__008,2618,4432,373,351
Slide__009,2992,4432,373,351
Throw__000,3767,910,377,451
Throw__001,3767,1362,377,451
Throw__002,3767,1814,377,451
Throw__003,3767,2266,377,451
Throw__004,3767,2718,377,451
Throw__005,3767,3170,377,451
Throw__006,0,3980,377,451
Throw__007,378,3980,377,451
Throw__008,756,3980,377,451
Throw__009,1134,3980,377,451
Attack__000,0,2068,536,495
Attack__001,537,2068,536,495
Attack__002,1074,2068,536,495
Attack__003,1611,2068,536,495
Attack__004,2503,0,536,495
Attack__005,2503,496,536,495
Attack__006,2503,992,536,495
Attack__007,2503,1488,536,495
Attack__008,2503,1984,536,495
Attack__009,0,2564,536,495
Climb_000,2715,2564,282,464
Climb_001,2148,2068,282,464
Climb_002,3040,1936,282,464
Climb_003,3040,2401,282,464
Climb_004,0,3060,282,464
Climb_005,283,3060,282,464
Climb_006,566,3060,282,464
Climb_007,849,3060,282,464
Climb_008,1132,3060,282,464
Climb_009,1415,3060,282,464
Dead__000,1515,523,482,498
Dead__001,1515,1022,482,498
Dead__002,0,1569,482,498
Dead__003,483,1569,482,498
Dead__004,966,1569,482,498
Dead__005,1449,1569,482,498
Dead__006,2020,0,482,498
Dead__007,2020,499,482,498
Dead__008,2020,998,482,498
Dead__009,2020,1497,482,498
Glide_000,0,3525,443,454
Glide_001,444,3525,443,454
Glide_002,888,3525,443,454
Glide_003,1332,3525,443,454
Glide_004,1776,3525,443,454
Glide_005,2220,3525,443,454
Glide_006,2664,3525,443,454
Glide_007,3108,3525,443,454
Glide_008,3767,0,443,454
Glide_009,3767,455,443,454
Idle__000,1512,3980,232,439
Idle__001,1745,3980,232,439
Idle__002,1978,3980,232,439
Idle__003,2211,3980,232,439
Idle__004,2444,3980,232,439
Idle__005,2677,3980,232,439
Idle__006,2910,3980,232,439
Idle__007,3143,3980,232,439
Idle__008,3376,3980,232,439
Idle__009,3609,3980,232,439
Jump__000,537,2564,362,483
Jump__001,900,2564,362,483
Jump__002,1263,2564,362,483
Jump__003,1626,2564,362,483
Jump__004,1989,2564,362,483
Jump__005,2352,2564,362,483
Jump__006,3040,0,362,483
Jump__007,3040,484,362,483
Jump__008,3040,968,362,483
Jump__009,3040,1452,362,483
Jump_Attack__000,1010,0,504,522
Jump_Attack__001,1010,523,504,522
Jump_Attack__002,0,1046,504,522
Jump_Attack__003,505,1046,504,522
Jump_Attack__004,1010,1046,504,522
Jump_Attack__005,1515,0,504,522